200
0 0
0.0714286 0
0.142857 0
0.214286 0
0.285714 0
0.357143 0
0.428571 0
0.5 0
0.571429 0
0.642857 0
0.714286 0
0.785714 0
0.857143 0
0.928571 0
1 0
1 0.0714286
1 0.142857
1 0.214286
1 0.285714
1 0.357143
1 0.428571
1 0.5
1 0.571429
1 0.642857
1 0.714286
1 0.785714
1 0.857143
1 0.928571
1 1
0.928571 1
0.857143 1
0.785714 1
0.714286 1
0.642857 1
0.571429 1
0.5 1
0.428571 1
0.357143 1
0.285714 1
0.214286 1
0.142857 1
0.0714286 1
0 1
0 0.928571
0 0.857143
0 0.785714
0 0.714286
0 0.642857
0 0.571429
0 0.5
0 0.428571
0 0.357143
0 0.285714
0 0.214286
0 0.142857
0 0.0714286
0.00480484 0.0208637
0.045804 0.155183
0.391052 0.125141
0.094892 0.464474
0.534282 0.487052
0.22767 0.844618
0.939178 0.578083
0.548481 0.0535137
0.772988 0.0156703
0.251437 0.3109
0.860539 0.523628
0.93379 0.506182
0.820972 0.138951
0.902568 0.571574
0.0839782 0.794847
0.937466 0.100363
0.889819 0.814639
0.106717 0.272967
0.0438305 0.353788
0.717586 0.703749
0.762386 0.013376
0.657995 0.091499
0.599736 0.776133
0.197578 0.482972
0.532617 0.295037
0.719611 0.394593
0.825931 0.365919
0.497632 0.395635
0.563931 0.660126
0.171557 0.813335
0.861499 0.776828
0.0544818 0.960213
0.317513 0.0545568
0.244817 0.0794873
0.698113 0.828964
0.451917 0.58266
0.522415 0.559213
0.762495 0.851467
0.573095 0.985167
0.333269 0.383195
0.192694 0.0943394
0.845292 0.846401
0.964789 0.920541
0.121015 0.717463
0.0994237 0.0183658
0.0200136 0.181913
0.580966 0.354571
0.0353663 0.441264
0.802483 0.481865
0.304465 0.870387
0.541277 0.729481
0.2261 0.76077
0.504603 0.170904
0.455114 0.742806
0.978866 0.742319
0.416289 0.843268
0.130366 0.852825
0.0151084 0.962398
0.65671 0.791045
0.105403 0.5977
0.934847 0.764597
0.377854 0.947349
0.903208 0.445621
0.181185 0.414882
0.451602 0.0566242
0.614114 0.81013
0.169257 0.546062
0.911192 0.291478
0.935317 0.380781
0.909482 0.963866
0.326097 0.52604
0.699583 0.937069
0.731346 0.760409
0.0834115 0.896064
0.178712 0.035915
0.356811 0.260409
0.425289 0.390141
0.0950284 0.384768
0.311975 0.0257665
0.231264 0.0359627
0.236639 0.52273
0.506611 0.907075
0.774012 0.0398378
0.0944643 0.538191
0.361634 0.452461
0.594571 0.592945
0.0391715 0.832513
0.410628 0.555778
0.193305 0.907387
0.171477 0.188649
0.105093 0.154539
0.962656 0.701662
0.821397 0.581224
0.348459 0.728746
0.842144 0.713189
0.652584 0.316094
0.625241 0.430706
0.811481 0.788982
0.284662 0.0453238
0.57321 0.502641
0.627522 0.256305
0.261073 0.446298
0.639242 0.725254
0.417023 0.610601
0.63904 0.852052
0.167131 0.32469
0.0240611 0.0160059
0.966343 0.954919
0.245506 0.625278
0.951107 0.545889
0.570905 0.436634
0.460133 0.329151
0.217016 0.226888
0.0404032 0.210077
0.584044 0.930189
0.398335 0.666366
0.350108 0.623815
0.392549 0.0350885
0.28245 0.079617
0.451099 0.945099
0.922533 0.648664
0.829705 0.062666
0.685482 0.881951
0.123057 0.0552356
0.00871217 0.40619
0.886436 0.0496215
0.912015 0.863054
0.650095 0.646277
0.0557252 0.102965
0.0539891 0.512927
0.734303 0.666598
0.544761 0.821951
0.764749 0.29337
0.274435 0.159028
0.436134 0.504217
0.0892199 0.512562
0.831335 0.0116295
0.829935 0.927426
0.0295025 0.915008
0.068751 0.0337153
0.180597 0.253591
0.474726 0.652553
0.138777 0.497809
0.695487 0.535
384
19 14 21 
5 8 6 
8 11 10 
55 54 0 
49 53 51 
53 49 54 
49 42 0 
54 49 0 
68 123 188 
19 123 18 
124 123 19 
13 11 14 
138 77 10 
77 138 68 
1 162 0 
60 155 92 
110 24 25 
25 24 21 
24 23 21 
116 110 25 
182 116 25 
26 182 25 
182 26 98 
26 27 98 
26 25 28 
27 26 28 
182 193 97 
20 19 21 
20 124 19 
19 15 14 
16 15 19 
15 13 14 
123 17 18 
17 19 18 
17 16 19 
9 8 10 
77 9 10 
63 77 108 
120 63 108 
9 63 8 
63 9 77 
77 156 108 
156 68 188 
156 77 68 
11 76 10 
76 138 10 
138 177 68 
53 52 51 
56 55 0 
162 56 0 
56 162 55 
166 102 152 
155 166 152 
166 155 60 
44 45 142 
49 45 42 
45 44 42 
44 43 42 
140 126 157 
50 49 51 
161 133 73 
72 182 97 
72 116 182 
23 22 21 
62 22 23 
176 62 23 
20 118 124 
199 104 148 
199 155 152 
81 199 152 
199 81 104 
31 193 30 
29 31 30 
31 33 32 
33 31 36 
31 29 36 
78 114 121 
125 182 98 
125 193 182 
193 125 30 
125 29 30 
29 163 28 
163 27 28 
27 163 98 
163 125 98 
125 163 29 
7 120 6 
7 63 120 
8 7 6 
63 7 8 
80 167 108 
156 80 108 
80 156 102 
138 64 11 
64 76 11 
76 64 138 
13 12 11 
192 138 11 
192 177 138 
12 192 11 
15 71 13 
71 15 16 
17 71 16 
71 123 68 
71 17 123 
58 120 108 
169 146 73 
169 52 53 
52 169 73 
146 145 73 
145 146 96 
55 184 54 
52 74 51 
74 52 73 
133 74 73 
166 83 102 
83 80 102 
80 83 167 
167 83 132 
83 166 60 
45 47 46 
43 113 42 
113 41 42 
113 87 41 
194 44 142 
194 43 44 
113 194 87 
194 113 43 
190 126 140 
190 60 92 
190 140 132 
83 190 132 
190 83 60 
190 143 126 
136 126 164 
126 136 157 
136 79 157 
161 119 133 
119 59 133 
79 119 157 
116 147 110 
147 24 110 
24 147 23 
147 176 23 
82 81 188 
81 82 104 
82 118 104 
118 82 124 
123 82 188 
82 123 124 
156 151 102 
102 151 152 
151 81 152 
151 156 188 
81 151 188 
22 165 21 
165 22 62 
104 66 148 
118 66 104 
72 86 116 
86 72 97 
153 86 97 
34 33 36 
35 34 36 
71 181 13 
181 12 13 
177 181 68 
181 71 68 
192 181 177 
181 192 12 
3 2 1 
58 173 120 
173 5 6 
120 173 6 
140 95 132 
95 140 157 
101 53 54 
101 169 53 
196 161 73 
145 196 73 
2 100 1 
162 195 55 
195 184 55 
195 162 1 
100 195 1 
146 179 96 
184 179 146 
179 100 2 
195 179 184 
179 195 100 
180 74 133 
180 50 51 
74 180 51 
47 99 46 
175 35 36 
117 175 36 
175 117 111 
137 175 111 
175 137 35 
48 45 49 
48 47 45 
194 129 87 
144 129 112 
112 129 142 
129 194 142 
198 119 79 
119 198 59 
191 198 139 
198 191 59 
67 66 118 
165 67 21 
67 20 21 
67 118 20 
66 69 148 
69 176 148 
176 69 62 
69 165 62 
69 67 165 
67 69 66 
114 160 121 
160 178 170 
170 127 33 
178 127 170 
33 127 32 
127 31 32 
31 127 193 
93 153 97 
193 93 97 
127 93 193 
93 127 178 
158 114 78 
158 106 84 
106 158 78 
199 141 155 
92 141 84 
155 141 92 
150 86 153 
176 150 148 
86 150 116 
150 147 116 
147 150 176 
94 34 35 
94 137 170 
137 94 35 
94 170 33 
34 94 33 
130 2 3 
179 130 96 
130 179 2 
4 3 1 
57 184 146 
169 57 146 
101 57 169 
184 57 54 
57 101 54 
168 196 145 
88 174 154 
173 88 5 
88 173 58 
174 88 58 
180 103 50 
50 103 49 
59 103 133 
103 180 133 
70 112 142 
45 70 142 
70 45 46 
99 70 46 
144 85 61 
85 144 112 
70 85 112 
85 70 99 
122 136 164 
198 122 139 
136 122 79 
122 198 79 
115 99 47 
115 48 139 
48 115 47 
122 115 139 
99 115 164 
115 122 164 
40 129 144 
87 40 41 
129 40 87 
37 117 36 
117 37 38 
41 37 36 
117 105 111 
105 149 111 
105 117 38 
105 144 61 
144 105 38 
106 197 84 
197 92 84 
187 137 111 
187 106 78 
187 78 121 
137 187 170 
160 187 121 
187 160 170 
172 149 164 
126 172 164 
143 172 126 
149 109 111 
109 187 111 
187 109 106 
109 197 106 
48 185 139 
185 191 139 
185 48 49 
103 185 49 
191 185 59 
185 103 59 
90 160 114 
160 90 178 
90 93 178 
186 199 148 
150 186 148 
186 150 75 
135 130 3 
4 135 3 
135 4 154 
130 135 96 
167 131 108 
131 58 108 
131 167 132 
95 131 132 
4 134 154 
134 88 154 
134 4 5 
88 134 5 
85 107 61 
107 105 61 
105 107 149 
149 107 164 
107 99 164 
107 85 99 
39 144 38 
39 40 144 
40 39 41 
39 37 41 
37 39 38 
197 91 92 
91 190 92 
91 143 190 
172 171 149 
171 109 149 
109 171 197 
128 90 114 
158 128 114 
128 158 75 
128 150 153 
150 128 75 
93 128 153 
90 128 93 
183 158 84 
141 183 84 
158 183 75 
183 186 75 
183 141 199 
186 183 199 
135 89 96 
174 89 154 
89 135 154 
65 131 95 
131 65 168 
65 119 161 
196 65 161 
168 65 196 
119 65 157 
65 95 157 
189 131 168 
189 89 174 
189 174 58 
131 189 58 
189 168 145 
189 145 96 
89 189 96 
159 171 172 
159 172 143 
91 159 143 
159 91 197 
171 159 197 
